chr1	248956422	0	248956422
chr2	242193529	248956422	491149951
chr3	198295559	491149951	689445510
chr4	190214555	689445510	879660065
chr5	181538259	879660065	1061198324
chr6	170805979	1061198324	1232004303
chr7	159345973	1232004303	1391350276
chrX	156040895	1391350276	1547391171
chr8	145138636	1547391171	1692529807
chr9	138394717	1692529807	1830924524
chr11	135086622	1830924524	1966011146
chr10	133797422	1966011146	2099808568
chr12	133275309	2099808568	2233083877
chr13	114364328	2233083877	2347448205
chr14	107043718	2347448205	2454491923
chr15	101991189	2454491923	2556483112
chr16	90338345	2556483112	2646821457
chr17	83257441	2646821457	2730078898
chr18	80373285	2730078898	2810452183
chr20	64444167	2810452183	2874896350
chr19	58617616	2874896350	2933513966
chrY	57227415	2933513966	2990741381
chr22	50818468	2990741381	3041559849
chr21	46709983	3041559849	3088269832
chr15_KI270905v1_alt	5161414	3088269832	3093431246
chr6_GL000256v2_alt	4929269	3093431246	3098360515
chr6_GL000254v2_alt	4827813	3098360515	3103188328
chr6_GL000251v2_alt	4795265	3103188328	3107983593
chr6_GL000253v2_alt	4677643	3107983593	3112661236
chr6_GL000250v2_alt	4672374	3112661236	3117333610
chr6_GL000255v2_alt	4606388	3117333610	3121939998
chr6_GL000252v2_alt	4604811	3121939998	3126544809
chr17_KI270857v1_alt	2877074	3126544809	3129421883
chr16_KI270853v1_alt	2659700	3129421883	3132081583
chr16_KI270728v1_random	1872759	3132081583	3133954342
chr17_GL000258v2_alt	1821992	3133954342	3135776334
chr5_GL339449v2_alt	1612928	3135776334	3137389262
chr14_KI270847v1_alt	1511111	3137389262	3138900373
chr17_KI270908v1_alt	1423190	3138900373	3140323563
chr14_KI270846v1_alt	1351393	3140323563	3141674956
chr5_KI270897v1_alt	1144418	3141674956	3142819374
chr7_KI270803v1_alt	1111570	3142819374	3143930944
chr19_GL949749v2_alt	1091841	3143930944	3145022785
chr19_KI270938v1_alt	1066800	3145022785	3146089585
chr19_GL949750v2_alt	1066390	3146089585	3147155975
chr19_GL949748v2_alt	1064304	3147155975	3148220279
chr19_GL949751v2_alt	1002683	3148220279	3149222962
chr19_GL949746v1_alt	987716	3149222962	3150210678
chr19_GL949752v1_alt	987100	3150210678	3151197778
chr8_KI270821v1_alt	985506	3151197778	3152183284
chr1_KI270763v1_alt	911658	3152183284	3153094942
chr6_KI270801v1_alt	870480	3153094942	3153965422
chr19_GL949753v2_alt	796479	3153965422	3154761901
chr19_GL949747v2_alt	729520	3154761901	3155491421
chr8_KI270822v1_alt	624492	3155491421	3156115913
chr4_GL000257v2_alt	586476	3156115913	3156702389
chr12_KI270904v1_alt	572349	3156702389	3157274738
chr4_KI270925v1_alt	555799	3157274738	3157830537
chr15_KI270852v1_alt	478999	3157830537	3158309536
chr15_KI270727v1_random	448248	3158309536	3158757784
chr9_KI270823v1_alt	439082	3158757784	3159196866
chr15_KI270850v1_alt	430880	3159196866	3159627746
chr1_KI270759v1_alt	425601	3159627746	3160053347
chr12_GL877876v1_alt	408271	3160053347	3160461618
chrUn_KI270442v1	392061	3160461618	3160853679
chr17_KI270862v1_alt	391357	3160853679	3161245036
chr15_GL383555v2_alt	388773	3161245036	3161633809
chr19_GL383573v1_alt	385657	3161633809	3162019466
chr4_KI270896v1_alt	378547	3162019466	3162398013
chr4_GL383528v1_alt	376187	3162398013	3162774200
chr17_GL383563v3_alt	375691	3162774200	3163149891
chr8_KI270810v1_alt	374415	3163149891	3163524306
chr1_GL383520v2_alt	366580	3163524306	3163890886
chr1_KI270762v1_alt	354444	3163890886	3164245330
chr15_KI270848v1_alt	327382	3164245330	3164572712
chr17_KI270909v1_alt	325800	3164572712	3164898512
chr14_KI270844v1_alt	322166	3164898512	3165220678
chr8_KI270900v1_alt	318687	3165220678	3165539365
chr10_GL383546v1_alt	309802	3165539365	3165849167
chr13_KI270838v1_alt	306913	3165849167	3166156080
chr8_KI270816v1_alt	305841	3166156080	3166461921
chr22_KI270879v1_alt	304135	3166461921	3166766056
chr8_KI270813v1_alt	300230	3166766056	3167066286
chr11_KI270831v1_alt	296895	3167066286	3167363181
chr15_GL383554v1_alt	296527	3167363181	3167659708
chr8_KI270811v1_alt	292436	3167659708	3167952144
chr18_GL383567v1_alt	289831	3167952144	3168241975
chrX_KI270880v1_alt	284869	3168241975	3168526844
chr8_KI270812v1_alt	282736	3168526844	3168809580
chr19_KI270921v1_alt	282224	3168809580	3169091804
chr17_KI270729v1_random	280839	3169091804	3169372643
chr17_JH159146v1_alt	278131	3169372643	3169650774
chrX_KI270913v1_alt	274009	3169650774	3169924783
chr6_KI270798v1_alt	271782	3169924783	3170196565
chr7_KI270808v1_alt	271455	3170196565	3170468020
chr22_KI270876v1_alt	263666	3170468020	3170731686
chr15_KI270851v1_alt	263054	3170731686	3170994740
chr22_KI270875v1_alt	259914	3170994740	3171254654
chr1_KI270766v1_alt	256271	3171254654	3171510925
chr19_KI270882v1_alt	248807	3171510925	3171759732
chr3_KI270778v1_alt	248252	3171759732	3172007984
chr15_KI270849v1_alt	244917	3172007984	3172252901
chr4_KI270786v1_alt	244096	3172252901	3172496997
chr12_KI270835v1_alt	238139	3172496997	3172735136
chr17_KI270858v1_alt	235827	3172735136	3172970963
chr19_KI270867v1_alt	233762	3172970963	3173204725
chr16_KI270855v1_alt	232857	3173204725	3173437582
chr8_KI270926v1_alt	229282	3173437582	3173666864
chr5_GL949742v1_alt	226852	3173666864	3173893716
chr3_KI270780v1_alt	224108	3173893716	3174117824
chr17_GL383565v1_alt	223995	3174117824	3174341819
chr2_KI270774v1_alt	223625	3174341819	3174565444
chr4_KI270790v1_alt	220246	3174565444	3174785690
chr11_KI270927v1_alt	218612	3174785690	3175004302
chr19_KI270932v1_alt	215732	3175004302	3175220034
chr11_KI270903v1_alt	214625	3175220034	3175434659
chr2_KI270894v1_alt	214158	3175434659	3175648817
chr14_GL000225v1_random	211173	3175648817	3175859990
chrUn_KI270743v1	210658	3175859990	3176070648
chr11_KI270832v1_alt	210133	3176070648	3176280781
chr7_KI270805v1_alt	209988	3176280781	3176490769
chr4_GL000008v2_random	209709	3176490769	3176700478
chr7_KI270809v1_alt	209586	3176700478	3176910064
chr19_KI270887v1_alt	209512	3176910064	3177119576
chr4_KI270789v1_alt	205944	3177119576	3177325520
chr3_KI270779v1_alt	205312	3177325520	3177530832
chr19_KI270914v1_alt	205194	3177530832	3177736026
chr19_KI270886v1_alt	204239	3177736026	3177940265
chr11_KI270829v1_alt	204059	3177940265	3178144324
chr14_GL000009v2_random	201709	3178144324	3178346033
chr21_GL383579v2_alt	201197	3178346033	3178547230
chr11_JH159136v1_alt	200998	3178547230	3178748228
chr19_KI270930v1_alt	200773	3178748228	3178949001
chrUn_KI270747v1	198735	3178949001	3179147736
chr18_GL383571v1_alt	198278	3179147736	3179346014
chr19_KI270920v1_alt	198005	3179346014	3179544019
chr6_KI270797v1_alt	197536	3179544019	3179741555
chr3_KI270935v1_alt	197351	3179741555	3179938906
chr17_KI270861v1_alt	196688	3179938906	3180135594
chr15_KI270906v1_alt	196384	3180135594	3180331978
chr5_KI270791v1_alt	195710	3180331978	3180527688
chr14_KI270722v1_random	194050	3180527688	3180721738
chr16_GL383556v1_alt	192462	3180721738	3180914200
chr13_KI270840v1_alt	191684	3180914200	3181105884
chr14_GL000194v1_random	191469	3181105884	3181297353
chr11_JH159137v1_alt	191409	3181297353	3181488762
chr19_KI270917v1_alt	190932	3181488762	3181679694
chr7_KI270899v1_alt	190869	3181679694	3181870563
chr19_KI270923v1_alt	189352	3181870563	3182059915
chr10_KI270825v1_alt	188315	3182059915	3182248230
chr19_GL383576v1_alt	188024	3182248230	3182436254
chr19_KI270922v1_alt	187935	3182436254	3182624189
chrUn_KI270742v1	186739	3182624189	3182810928
chr22_KI270878v1_alt	186262	3182810928	3182997190
chr19_KI270929v1_alt	186203	3182997190	3183183393
chr11_KI270826v1_alt	186169	3183183393	3183369562
chr6_KB021644v2_alt	185823	3183369562	3183555385
chr17_GL000205v2_random	185591	3183555385	3183740976
chr1_KI270765v1_alt	185285	3183740976	3183926261
chr19_KI270916v1_alt	184516	3183926261	3184110777
chr19_KI270890v1_alt	184499	3184110777	3184295276
chr3_KI270784v1_alt	184404	3184295276	3184479680
chr12_GL383551v1_alt	184319	3184479680	3184663999
chr20_KI270870v1_alt	183433	3184663999	3184847432
chrUn_GL000195v1	182896	3184847432	3185030328
chr1_GL383518v1_alt	182439	3185030328	3185212767
chr22_KI270736v1_random	181920	3185212767	3185394687
chr10_KI270824v1_alt	181496	3185394687	3185576183
chr14_KI270845v1_alt	180703	3185576183	3185756886
chr3_GL383526v1_alt	180671	3185756886	3185937557
chr13_KI270839v1_alt	180306	3185937557	3186117863
chr22_KI270733v1_random	179772	3186117863	3186297635
chrUn_GL000224v1	179693	3186297635	3186477328
chr10_GL383545v1_alt	179254	3186477328	3186656582
chrUn_GL000219v1	179198	3186656582	3186835780
chr5_KI270792v1_alt	179043	3186835780	3187014823
chr17_KI270860v1_alt	178921	3187014823	3187193744
chr19_GL000209v2_alt	177381	3187193744	3187371125
chr11_KI270830v1_alt	177092	3187371125	3187548217
chr9_KI270719v1_random	176845	3187548217	3187725062
chrUn_GL000216v2	176608	3187725062	3187901670
chr22_KI270928v1_alt	176103	3187901670	3188077773
chr1_KI270712v1_random	176043	3188077773	3188253816
chr6_KI270800v1_alt	175808	3188253816	3188429624
chr1_KI270706v1_random	175055	3188429624	3188604679
chr2_KI270776v1_alt	174166	3188604679	3188778845
chr18_KI270912v1_alt	174061	3188778845	3188952906
chr3_KI270777v1_alt	173649	3188952906	3189126555
chr5_GL383531v1_alt	173459	3189126555	3189300014
chr3_JH636055v2_alt	173151	3189300014	3189473165
chr14_KI270725v1_random	172810	3189473165	3189645975
chr5_KI270796v1_alt	172708	3189645975	3189818683
chr9_GL383541v1_alt	171286	3189818683	3189989969
chr19_KI270885v1_alt	171027	3189989969	3190160996
chr19_KI270919v1_alt	170701	3190160996	3190331697
chr19_KI270889v1_alt	170698	3190331697	3190502395
chr19_KI270891v1_alt	170680	3190502395	3190673075
chr19_KI270915v1_alt	170665	3190673075	3190843740
chr19_KI270933v1_alt	170537	3190843740	3191014277
chr19_KI270883v1_alt	170399	3191014277	3191184676
chr19_GL383575v2_alt	170222	3191184676	3191354898
chr19_KI270931v1_alt	170148	3191354898	3191525046
chr12_GL383550v2_alt	169178	3191525046	3191694224
chr13_KI270841v1_alt	169134	3191694224	3191863358
chrUn_KI270744v1	168472	3191863358	3192031830
chr18_KI270863v1_alt	167999	3192031830	3192199829
chr18_GL383569v1_alt	167950	3192199829	3192367779
chr12_GL877875v1_alt	167313	3192367779	3192535092
chr21_KI270874v1_alt	166743	3192535092	3192701835
chr3_KI270924v1_alt	166540	3192701835	3192868375
chr1_KI270761v1_alt	165834	3192868375	3193034209
chr3_KI270937v1_alt	165607	3193034209	3193199816
chr22_KI270734v1_random	165050	3193199816	3193364866
chr18_GL383570v1_alt	164789	3193364866	3193529655
chr5_KI270794v1_alt	164558	3193529655	3193694213
chr4_GL383527v1_alt	164536	3193694213	3193858749
chrUn_GL000213v1	164239	3193858749	3194022988
chr3_KI270936v1_alt	164170	3194022988	3194187158
chr3_KI270934v1_alt	163458	3194187158	3194350616
chr9_GL383539v1_alt	162988	3194350616	3194513604
chr3_KI270895v1_alt	162896	3194513604	3194676500
chr22_GL383582v2_alt	162811	3194676500	3194839311
chr3_KI270782v1_alt	162429	3194839311	3195001740
chr1_KI270892v1_alt	162212	3195001740	3195163952
chrUn_GL000220v1	161802	3195163952	3195325754
chr2_KI270767v1_alt	161578	3195325754	3195487332
chr2_KI270715v1_random	161471	3195487332	3195648803
chr2_KI270893v1_alt	161218	3195648803	3195810021
chrUn_GL000218v1	161147	3195810021	3195971168
chr18_GL383572v1_alt	159547	3195971168	3196130715
chr8_KI270817v1_alt	158983	3196130715	3196289698
chr4_KI270788v1_alt	158965	3196289698	3196448663
chrUn_KI270749v1	158759	3196448663	3196607422
chr7_KI270806v1_alt	158166	3196607422	3196765588
chr7_KI270804v1_alt	157952	3196765588	3196923540
chr18_KI270911v1_alt	157710	3196923540	3197081250
chrUn_KI270741v1	157432	3197081250	3197238682
chr17_KI270910v1_alt	157099	3197238682	3197395781
chr19_KI270884v1_alt	157053	3197395781	3197552834
chr19_GL383574v1_alt	155864	3197552834	3197708698
chr19_KI270888v1_alt	155532	3197708698	3197864230
chr3_GL000221v1_random	155397	3197864230	3198019627
chr11_GL383547v1_alt	154407	3198019627	3198174034
chr2_KI270716v1_random	153799	3198174034	3198327833
chr12_GL383553v2_alt	152874	3198327833	3198480707
chr6_KI270799v1_alt	152148	3198480707	3198632855
chr22_KI270731v1_random	150754	3198632855	3198783609
chrUn_KI270751v1	150742	3198783609	3198934351
chrUn_KI270750v1	148850	3198934351	3199083201
chr8_KI270818v1_alt	145606	3199083201	3199228807
chrX_KI270881v1_alt	144206	3199228807	3199373013
chr21_KI270873v1_alt	143900	3199373013	3199516913
chr2_GL383521v1_alt	143390	3199516913	3199660303
chr8_KI270814v1_alt	141812	3199660303	3199802115
chr12_GL383552v1_alt	138655	3199802115	3199940770
chrUn_KI270519v1	138126	3199940770	3200078896
chr2_KI270775v1_alt	138019	3200078896	3200216915
chr17_KI270907v1_alt	137721	3200216915	3200354636
chrUn_GL000214v1	137718	3200354636	3200492354
chr8_KI270901v1_alt	136959	3200492354	3200629313
chr2_KI270770v1_alt	136240	3200629313	3200765553
chr16_KI270854v1_alt	134193	3200765553	3200899746
chr8_KI270819v1_alt	133535	3200899746	3201033281
chr17_GL383564v2_alt	133151	3201033281	3201166432
chr2_KI270772v1_alt	133041	3201166432	3201299473
chr8_KI270815v1_alt	132244	3201299473	3201431717
chr5_KI270795v1_alt	131892	3201431717	3201563609
chr5_KI270898v1_alt	130957	3201563609	3201694566
chr20_GL383577v2_alt	128386	3201694566	3201822952
chr1_KI270708v1_random	127682	3201822952	3201950634
chr7_KI270807v1_alt	126434	3201950634	3202077068
chr5_KI270793v1_alt	126136	3202077068	3202203204
chr6_GL383533v1_alt	124736	3202203204	3202327940
chr2_GL383522v1_alt	123821	3202327940	3202451761
chr19_KI270918v1_alt	123111	3202451761	3202574872
chr12_GL383549v1_alt	120804	3202574872	3202695676
chr2_KI270769v1_alt	120616	3202695676	3202816292
chr4_KI270785v1_alt	119912	3202816292	3202936204
chr12_KI270834v1_alt	119498	3202936204	3203055702
chr7_GL383534v2_alt	119183	3203055702	3203174885
chr20_KI270869v1_alt	118774	3203174885	3203293659
chr21_GL383581v2_alt	116689	3203293659	3203410348
chr3_KI270781v1_alt	113034	3203410348	3203523382
chr17_KI270730v1_random	112551	3203523382	3203635933
chrUn_KI270438v1	112505	3203635933	3203748438
chr4_KI270787v1_alt	111943	3203748438	3203860381
chr18_KI270864v1_alt	111737	3203860381	3203972118
chr2_KI270771v1_alt	110395	3203972118	3204082513
chr1_GL383519v1_alt	110268	3204082513	3204192781
chr2_KI270768v1_alt	110099	3204192781	3204302880
chr1_KI270760v1_alt	109528	3204302880	3204412408
chr3_KI270783v1_alt	109187	3204412408	3204521595
chr17_KI270859v1_alt	108763	3204521595	3204630358
chr11_KI270902v1_alt	106711	3204630358	3204737069
chr18_GL383568v1_alt	104552	3204737069	3204841621
chr22_KI270737v1_random	103838	3204841621	3204945459
chr13_KI270843v1_alt	103832	3204945459	3205049291
chr22_KI270877v1_alt	101331	3205049291	3205150622
chr5_GL383530v1_alt	101241	3205150622	3205251863
chr11_KI270721v1_random	100316	3205251863	3205352179
chr22_KI270738v1_random	99375	3205352179	3205451554
chr22_GL383583v2_alt	96924	3205451554	3205548478
chr2_GL582966v2_alt	96131	3205548478	3205644609
chrUn_KI270748v1	93321	3205644609	3205737930
chrUn_KI270435v1	92983	3205737930	3205830913
chr5_GL000208v1_random	92689	3205830913	3205923602
chrUn_KI270538v1	91309	3205923602	3206014911
chr17_GL383566v1_alt	90219	3206014911	3206105130
chr16_GL383557v1_alt	89672	3206105130	3206194802
chr17_JH159148v1_alt	88070	3206194802	3206282872
chr5_GL383532v1_alt	82728	3206282872	3206365600
chr21_KI270872v1_alt	82692	3206365600	3206448292
chrUn_KI270756v1	79590	3206448292	3206527882
chr6_KI270758v1_alt	76752	3206527882	3206604634
chr12_KI270833v1_alt	76061	3206604634	3206680695
chr6_KI270802v1_alt	75005	3206680695	3206755700
chr21_GL383580v2_alt	74653	3206755700	3206830353
chr22_KB663609v1_alt	74013	3206830353	3206904366
chr22_KI270739v1_random	73985	3206904366	3206978351
chr9_GL383540v1_alt	71551	3206978351	3207049902
chrUn_KI270757v1	71251	3207049902	3207121153
chr2_KI270773v1_alt	70887	3207121153	3207192040
chr17_JH159147v1_alt	70345	3207192040	3207262385
chr11_KI270827v1_alt	67707	3207262385	3207330092
chr1_KI270709v1_random	66860	3207330092	3207396952
chrUn_KI270746v1	66486	3207396952	3207463438
chr16_KI270856v1_alt	63982	3207463438	3207527420
chr21_GL383578v2_alt	63917	3207527420	3207591337
chrUn_KI270753v1	62944	3207591337	3207654281
chr19_KI270868v1_alt	61734	3207654281	3207716015
chr9_GL383542v1_alt	60032	3207716015	3207776047
chr20_KI270871v1_alt	58661	3207776047	3207834708
chr12_KI270836v1_alt	56134	3207834708	3207890842
chr19_KI270865v1_alt	52969	3207890842	3207943811
chr1_KI270764v1_alt	50258	3207943811	3207994069
chrUn_KI270589v1	44474	3207994069	3208038543
chr14_KI270726v1_random	43739	3208038543	3208082282
chr19_KI270866v1_alt	43156	3208082282	3208125438
chr22_KI270735v1_random	42811	3208125438	3208168249
chr1_KI270711v1_random	42210	3208168249	3208210459
chrUn_KI270745v1	41891	3208210459	3208252350
chr1_KI270714v1_random	41717	3208252350	3208294067
chr22_KI270732v1_random	41543	3208294067	3208335610
chr1_KI270713v1_random	40745	3208335610	3208376355
chrUn_KI270754v1	40191	3208376355	3208416546
chr1_KI270710v1_random	40176	3208416546	3208456722
chr12_KI270837v1_alt	40090	3208456722	3208496812
chr9_KI270717v1_random	40062	3208496812	3208536874
chr14_KI270724v1_random	39555	3208536874	3208576429
chr9_KI270720v1_random	39050	3208576429	3208615479
chr14_KI270723v1_random	38115	3208615479	3208653594
chr9_KI270718v1_random	38054	3208653594	3208691648
chrUn_KI270317v1	37690	3208691648	3208729338
chr13_KI270842v1_alt	37287	3208729338	3208766625
chrY_KI270740v1_random	37240	3208766625	3208803865
chrUn_KI270755v1	36723	3208803865	3208840588
chr8_KI270820v1_alt	36640	3208840588	3208877228
chr1_KI270707v1_random	32032	3208877228	3208909260
chrUn_KI270579v1	31033	3208909260	3208940293
chrUn_KI270752v1	27745	3208940293	3208968038
chrUn_KI270512v1	22689	3208968038	3208990727
chrUn_KI270322v1	21476	3208990727	3209012203
chrM	16569	3209012203	3209028772
chrUn_GL000226v1	15008	3209028772	3209043780
chrUn_KI270311v1	12399	3209043780	3209056179
chrUn_KI270366v1	8320	3209056179	3209064499
chrUn_KI270511v1	8127	3209064499	3209072626
chrUn_KI270448v1	7992	3209072626	3209080618
chrUn_KI270521v1	7642	3209080618	3209088260
chrUn_KI270581v1	7046	3209088260	3209095306
chrUn_KI270582v1	6504	3209095306	3209101810
chrUn_KI270515v1	6361	3209101810	3209108171
chrUn_KI270588v1	6158	3209108171	3209114329
chrUn_KI270591v1	5796	3209114329	3209120125
chrUn_KI270522v1	5674	3209120125	3209125799
chrUn_KI270507v1	5353	3209125799	3209131152
chrUn_KI270590v1	4685	3209131152	3209135837
chrUn_KI270584v1	4513	3209135837	3209140350
chrUn_KI270320v1	4416	3209140350	3209144766
chrUn_KI270382v1	4215	3209144766	3209148981
chrUn_KI270468v1	4055	3209148981	3209153036
chrUn_KI270467v1	3920	3209153036	3209156956
chrUn_KI270362v1	3530	3209156956	3209160486
chrUn_KI270517v1	3253	3209160486	3209163739
chrUn_KI270593v1	3041	3209163739	3209166780
chrUn_KI270528v1	2983	3209166780	3209169763
chrUn_KI270587v1	2969	3209169763	3209172732
chrUn_KI270364v1	2855	3209172732	3209175587
chrUn_KI270371v1	2805	3209175587	3209178392
chrUn_KI270333v1	2699	3209178392	3209181091
chrUn_KI270374v1	2656	3209181091	3209183747
chrUn_KI270411v1	2646	3209183747	3209186393
chrUn_KI270414v1	2489	3209186393	3209188882
chrUn_KI270510v1	2415	3209188882	3209191297
chrUn_KI270390v1	2387	3209191297	3209193684
chrUn_KI270375v1	2378	3209193684	3209196062
chrUn_KI270420v1	2321	3209196062	3209198383
chrUn_KI270509v1	2318	3209198383	3209200701
chrUn_KI270315v1	2276	3209200701	3209202977
chrUn_KI270302v1	2274	3209202977	3209205251
chrUn_KI270518v1	2186	3209205251	3209207437
chrUn_KI270530v1	2168	3209207437	3209209605
chrUn_KI270304v1	2165	3209209605	3209211770
chrUn_KI270418v1	2145	3209211770	3209213915
chrUn_KI270424v1	2140	3209213915	3209216055
chrUn_KI270417v1	2043	3209216055	3209218098
chrUn_KI270508v1	1951	3209218098	3209220049
chrUn_KI270303v1	1942	3209220049	3209221991
chrUn_KI270381v1	1930	3209221991	3209223921
chrUn_KI270529v1	1899	3209223921	3209225820
chrUn_KI270425v1	1884	3209225820	3209227704
chrUn_KI270396v1	1880	3209227704	3209229584
chrUn_KI270363v1	1803	3209229584	3209231387
chrUn_KI270386v1	1788	3209231387	3209233175
chrUn_KI270465v1	1774	3209233175	3209234949
chrUn_KI270383v1	1750	3209234949	3209236699
chrUn_KI270384v1	1658	3209236699	3209238357
chrUn_KI270330v1	1652	3209238357	3209240009
chrUn_KI270372v1	1650	3209240009	3209241659
chrUn_KI270548v1	1599	3209241659	3209243258
chrUn_KI270580v1	1553	3209243258	3209244811
chrUn_KI270387v1	1537	3209244811	3209246348
chrUn_KI270391v1	1484	3209246348	3209247832
chrUn_KI270305v1	1472	3209247832	3209249304
chrUn_KI270373v1	1451	3209249304	3209250755
chrUn_KI270422v1	1445	3209250755	3209252200
chrUn_KI270316v1	1444	3209252200	3209253644
chrUn_KI270338v1	1428	3209253644	3209255072
chrUn_KI270340v1	1428	3209255072	3209256500
chrUn_KI270583v1	1400	3209256500	3209257900
chrUn_KI270334v1	1368	3209257900	3209259268
chrUn_KI270429v1	1361	3209259268	3209260629
chrUn_KI270393v1	1308	3209260629	3209261937
chrUn_KI270516v1	1300	3209261937	3209263237
chrUn_KI270389v1	1298	3209263237	3209264535
chrUn_KI270466v1	1233	3209264535	3209265768
chrUn_KI270388v1	1216	3209265768	3209266984
chrUn_KI270544v1	1202	3209266984	3209268186
chrUn_KI270310v1	1201	3209268186	3209269387
chrUn_KI270412v1	1179	3209269387	3209270566
chrUn_KI270395v1	1143	3209270566	3209271709
chrUn_KI270376v1	1136	3209271709	3209272845
chrUn_KI270337v1	1121	3209272845	3209273966
chrUn_KI270335v1	1048	3209273966	3209275014
chrUn_KI270378v1	1048	3209275014	3209276062
chrUn_KI270379v1	1045	3209276062	3209277107
chrUn_KI270329v1	1040	3209277107	3209278147
chrUn_KI270419v1	1029	3209278147	3209279176
chrUn_KI270336v1	1026	3209279176	3209280202
chrUn_KI270312v1	998	3209280202	3209281200
chrUn_KI270539v1	993	3209281200	3209282193
chrUn_KI270385v1	990	3209282193	3209283183
chrUn_KI270423v1	981	3209283183	3209284164
chrUn_KI270392v1	971	3209284164	3209285135
chrUn_KI270394v1	970	3209285135	3209286105